[0.0, -0.999000999000999, 0.0]
[-0.26891855299175044, 0.2652566157619608, 0.000520443998327553]
[-0.33627662444713763, 0.24806858872515758, 0.000710328040930212]
[-0.44119581834346494, 0.3796688815514023, -0.00019141271587664753]
[0.37082257437121197, 0.3691705986849829, -2.010045619672417]
[0.09927651339803953, 0.38375007795882543, -2.0280980971050258]
[-0.17310780898053083, 0.3822404441931817, -2.019141629293694]
[-0.4427033600771554, 0.364661799466492, -1.983295479348839]
[-0.7059202421045911, 0.33124821862736, -1.9210369697405265]
[-1.4566894119262195, 1.0095145081880132, -0.6956728896106705]
