[ 39.90000153  87.44999981 -39.90000153][-39.90000153  87.44999981 -39.90000153][-39.90000153  87.44999981  39.90000153][39.90000153 87.44999981 39.90000153]
[ 39.90000159  87.4500004  -39.90000158][-39.90000159  87.45000038 -39.90000158][-39.90000159  87.45000036  39.90000159][39.90000158 87.4500004  39.90000158]
[ 39.90000194  87.45000766 -39.90000199][-39.900002    87.45000729 -39.90000193][-39.90000199  87.45000728  39.9000021 ][39.90000193 87.45000765 39.90000198]
[ 39.90000208  87.45002673 -39.90000226][-39.90000229  87.45002527 -39.90000191][-39.90000225  87.45002524  39.90000265][39.90000197 87.45002638 39.9000023 ]
[ 39.9000016   87.45007656 -39.90000218][-39.90000236  87.45007236 -39.90000109][-39.90000218  87.45007232  39.90000339][39.90000127 87.45007589 39.90000236]
[ 39.89999918  87.45017527 -39.90000087][-39.90000129  87.45016572 -39.89999775][-39.90000067  87.45016651  39.90000367][39.89999822 87.4501743  39.90000149]
[ 39.89999443  87.45032816 -39.89999766][-39.89999911  87.45030943 -39.89999214][-39.8999981   87.45031134  39.90000347][39.8999932  87.4503236  39.89999872]
[ 39.89998762  87.45049553 -39.89999389][-39.89999664  87.45046868 -39.89998436][-39.89999442  87.45047366  39.90000326][39.89998708 87.45049049 39.89999487]
[ 39.89998149  87.45070399 -39.89999188][-39.89999662  87.45066464 -39.89997733][-39.89999295  87.45067312  39.90000558][39.89998256 87.45069204 39.89999188]
[ 39.89997303  87.45091875 -39.89998934][-39.89999609  87.45086923 -39.899968  ][-39.89999049  87.45088224  39.90000722][39.89997658 87.45090521 39.8999872 ]
[ 39.89996343  87.45115296 -39.89998727][-39.89999671  87.45108977 -39.89995767][-39.89998867  87.45110757  39.9000097 ][39.89997036 87.45113223 39.89998139]
[ 39.8999518   87.45138097 -39.8999852 ][-39.89999734  87.45130674 -39.89994555][-39.89998682  87.45132949  39.90001174][39.8999627  87.45135838 39.89997421]
[ 39.89993847  87.45161122 -39.89998299][-39.89999858  87.45152334 -39.89993215][-39.89998564  87.45155089  39.90001373][39.89995384 87.45158259 39.89996534]
[ 39.89992338  87.45182257 -39.89998113][-39.90000029  87.45172371 -39.89991751][-39.89998523  87.45175558  39.90001542][39.89994338 87.45179303 39.89995551]
[ 39.89990695  87.45202089 -39.89997928][-39.90000293  87.45190913 -39.89990222][-39.89998647  87.45194474  39.90001711][39.89993148 87.45198725 39.8999445 ]
[ 39.89988939  87.45218775 -39.89997819][-39.90000662  87.45206591 -39.89988655][-39.89998953  87.45210443  39.90001875][39.89991795 87.45215551 39.89993338]
[ 39.89987137  87.45232922 -39.89997755][-39.9000119   87.45219577 -39.8998714 ][-39.89999547  87.45223592  39.9000208 ][39.89990317 87.45229572 39.89992214]
[ 39.8998532   87.45242915 -39.89997821][-39.90001895  87.45228706 -39.89985709][-39.90000451  87.45232777  39.90002328][39.89988703 87.45240028 39.89991199]
[ 39.89983552  87.45249791 -39.89997972][-39.90002809  87.45234599 -39.89984441][-39.90001732  87.4523854   39.90002657][39.89986996 87.45247166 39.89990289]
[ 39.89981856  87.45251999 -39.89998274][-39.90003944  87.45236126 -39.89983364][-39.90003409  87.45239785  39.90003063][39.89985182 87.45250216 39.89989583]
[ 39.89980281  87.45250552 -39.89998683][-39.90005322  87.45233922 -39.89982542][-39.9000554   87.45237083  39.90003572][39.89983287 87.45249487 39.89989076]
[ 39.89978841  87.4524419  -39.89999242][-39.90006938  87.45227104 -39.89981989][-39.90008125  87.4522959   39.90004169][39.89981296 87.45244419 39.89988849]
[ 39.89977566  87.4523388  -39.89999892][-39.90008795  87.452163   -39.89981748][-39.90011197  87.45217863  39.90004859][39.89979215 87.45235334 39.89988881]
[ 39.89976467  87.45218604 -39.90000669][-39.90010883  87.4520083  -39.89981827][-39.90014747  87.45201276  39.90005623][39.8997703  87.45221849 39.89989242]
[ 39.89975557  87.4519931  -39.90001504][-39.90013189  87.45181348 -39.89982253][-39.90018792  87.45180402  39.90006451][39.89974737 87.45204329 39.89989899]
[ 39.8997484   87.4517517  -39.90002419][-39.90015693  87.45157324 -39.89983022][-39.9002331   87.45154776  39.90007317][39.89972317 87.45182519 39.89990905]
[ 39.89974308  87.45147189 -39.90003336][-39.90018362  87.45129509 -39.89984139][-39.90028287  87.45125069  39.90008196][39.89969755 87.45156897 39.89992211]
[ 39.89973958  87.45114586 -39.90004267][-39.90021171  87.45097395 -39.89985594][-39.90033702  87.45090835  39.90009053][39.89967027 87.45127205 39.89993857]
[ 39.89973767  87.45078426 -39.90005128][-39.90024073  87.45061826 -39.89987368][-39.90039515  87.45052845  39.90009854][39.89964112 87.45094042 39.8999578 ]
[ 39.89973724  87.45037876 -39.90005914][-39.90027036  87.45022224 -39.8998945 ][-39.90045703  87.45010577  39.9001055 ][39.89960968 87.45057062 39.89998011]
[ 39.89973791  87.44993949 -39.90006537][-39.90029999  87.44979423 -39.89991807][-39.90052216  87.44964778  39.90011098][39.89957565 87.45016868 39.90000478]
[ 39.89973946  87.4494536  -39.90006933][-39.90032901  87.44932441 -39.89994441][-39.90059048  87.44914472  39.90011396][39.89953799 87.44972715 39.90003218]
[ 39.89974122  87.4488952  -39.90006673][-39.90035501  87.44879052 -39.89997496][-39.90066336  87.44856808  39.90011073][39.89949217 87.4492219  39.90006307]
[ 39.89973959  87.44829086 -39.90005641][-39.90037547  87.44821982 -39.90000439][-39.90073514  87.44794854  39.90009997][39.89943784 87.44868162 39.90009295]
[ 39.89973637  87.44767221 -39.90004204][-39.90039327  87.44763927 -39.90003307][-39.90080655  87.44731251  39.90008588][39.89937942 87.44812914 39.90012197]
[ 39.89972739  87.44703279 -39.90002049][-39.90040472  87.44704616 -39.90005616][-39.90087294  87.44665962  39.90006493][39.89931352 87.44756571 39.90014669]
[ 39.89971518  87.44639673 -39.89999507][-39.90041326  87.4464582  -39.90007662][-39.90093696  87.44600919  39.9000412 ][39.89924402 87.44700578 39.90016839]
[ 39.89969944  87.44574931 -39.89996558][-39.90041811  87.44586563 -39.90009329][-39.90099803  87.44535168  39.90001388][39.89917048 87.44644253 39.90018763]
[ 39.89968014  87.44510602 -39.89993182][-39.9004195   87.44527912 -39.90010634][-39.90105591  87.4446975   39.89998329][39.89909311 87.44588362 39.90020359]
[ 39.8996579   87.44445846 -39.8998948 ][-39.90041807  87.44469424 -39.90011601][-39.90111119  87.44404279  39.89995028][39.89901263 87.44532699 39.90021744]
[ 39.89963287  87.44381788 -39.89985424][-39.90041391  87.44411867 -39.90012249][-39.90116398  87.44339452  39.89991503][39.89892929 87.44477766 39.90022883]
[ 39.89960529  87.44317697 -39.89981073][-39.90040736  87.44354845 -39.90012576][-39.90121441  87.442749    39.89987804][39.89884342 87.44423372 39.90023839]
[ 39.89957518  87.44254654 -39.89976392][-39.9003984   87.44299142 -39.90012582][-39.90126251  87.44211344  39.89983945][39.89875517 87.4437006  39.90024583]
[ 39.89954283  87.44191918 -39.89971438][-39.90038736  87.44244323 -39.90012276][-39.90130847  87.44148374  39.89979971][39.89866486 87.44317581 39.90025178]
[ 39.89950809  87.44130488 -39.89966157][-39.90037407  87.44191141 -39.90011633][-39.90135211  87.44086697  39.89975886][39.89857245 87.44266465 39.90025589]
[ 39.89947131  87.44069654 -39.89960603][-39.9003588   87.44139161 -39.90010662][-39.90139366  87.44025925  39.89971729][39.89847826 87.44216449 39.90025881]
[ 39.89943228  87.44010308 -39.89954705][-39.90034125  87.44089079 -39.90009327][-39.90143286  87.43966704  39.89967496][39.89838213 87.44168008 39.90026022]
[ 39.89939146  87.43951735 -39.89948513][-39.90032165  87.44040426 -39.90007646][-39.90146998  87.43908632  39.89963221][39.89828435 87.4412083  39.90026084]
[ 39.89934889  87.43894613 -39.8994198 ][-39.90029981  87.43993649 -39.90005619][-39.90150499  87.4385215   39.89958899][39.89818489 87.44075179 39.90026051]
[ 39.89930498  87.43838182 -39.89935116][-39.90027571  87.43948303 -39.90003239][-39.90153805  87.43796839  39.89954555][39.89808386 87.44030733 39.90026001]
[ 39.89925991  87.43783522 -39.89927797][-39.90024873  87.43905264 -39.90000452][-39.90156897  87.43743573  39.89950187][39.89798096 87.43988097 39.9002595 ]
[ 39.89921503  87.43729539 -39.89920038][-39.900219    87.43864    -39.89997296][-39.90159856  87.43691834  39.89945869][39.89787656 87.43946997 39.90026096]
[ 39.89916955  87.43678718 -39.89911418][-39.90018392  87.43826624 -39.89993688][-39.90162665  87.43643479  39.89941607][39.89776943 87.43908985 39.90026414]
[ 39.89913241  87.43632066 -39.89902023][-39.9001451   87.43795091 -39.89990156][-39.90166163  87.43600075  39.89938033][39.8976628  87.43876179 39.90028334]
[ 39.89909899  87.43592641 -39.89891937][-39.90010342  87.43770766 -39.89986327][-39.9016986   87.43564205  39.89934695][39.8975535  87.4385054  39.90031112]
[ 39.89906316  87.43549917 -39.89880941][-39.90005788  87.43743467 -39.8998192 ][-39.90173015  87.43524649  39.89931121][39.89743651 87.43822026 39.90033676]
[ 39.89904277  87.43514307 -39.89870497][-39.90002163  87.4372271  -39.89979107][-39.90178263  87.43491416  39.89928825][39.89733193 87.43800351 39.90038354]
[ 39.8990078   87.43476756 -39.89858327][-39.89996965  87.43701    -39.89973955][-39.90181255  87.43457067  39.89925321][39.89720959 87.43776771 39.90041966]
[ 39.89898943  87.43445164 -39.89847006][-39.89993052  87.43684655 -39.89970467][-39.90186386  87.43427962  39.89923446][39.89709953 87.43758622 39.90047354]
[ 39.89896132  87.43411774 -39.89834108][-39.89987663  87.43666791 -39.89965726][-39.90190418  87.43397784  39.89920463][39.89698071 87.43738705 39.90052355]
[ 39.89894408  87.43385556 -39.89821734][-39.89983486  87.43655615 -39.89961725][-39.9019553   87.43374102  39.89918917][39.89686912 87.437253   39.90058519]
[ 39.89892758  87.43357235 -39.89808688][-39.89978405  87.43642516 -39.89957471][-39.90200674  87.43349309  39.89916932][39.89675438 87.43709885 39.90065103]
[ 39.89890968  87.43336801 -39.89795193][-39.89973599  87.43636826 -39.89952729][-39.90205441  87.43331641  39.8991556 ][39.89663865 87.4370163  39.90071821]
[ 39.89890504  87.43313888 -39.89782147][-39.89969228  87.43628651 -39.89948862][-39.90211569  87.43312572  39.89914831][39.89653159 87.43690885 39.90080047]
[ 39.89888469  87.43298823 -39.89767411][-39.89963806  87.43627775 -39.89943323][-39.90215997  87.43300529  39.89913605][39.89641343 87.43687199 39.90087221]
[ 39.89888996  87.43281409 -39.8975437 ][-39.89960093  87.43624455 -39.89939618][-39.90222819  87.43287217  39.89914146][39.89631344 87.4368112  39.90096923]
[ 39.89886782  87.43271358 -39.89738602][-39.89954233  87.43627814 -39.89933239][-39.90226901  87.43280401  39.89913236][39.89619318 87.43681556 39.90104632]
[ 39.8988788  87.4325907 -39.8972533][-39.89951037  87.43628765 -39.89929405][-39.9023413   87.4327233   39.89914885][39.89609883 87.43679684 39.9011555 ]
[ 39.8988551   87.43253492 -39.89708684][-39.89945014  87.43635589 -39.89922262][-39.90238018  87.43270079  39.89914481][39.89597823 87.4368362  39.901239  ]
[ 39.89886881  87.43245858 -39.89695063][-39.8994227   87.43640116 -39.89918075][-39.90245497  87.43266627  39.89917166][39.89588817 87.43685394 39.90135869]
[ 39.89884406  87.4324427  -39.89677733][-39.89936367  87.43649706 -39.89910239][-39.90249364  87.43268339  39.8991748 ][39.8957686  87.43692277 39.90144998]
[ 39.89885869  87.43240838 -39.89663727][-39.89934133  87.43657144 -39.89905581][-39.90257046  87.43268894  39.89921223][39.89568226 87.43697167 39.90157952]
[ 39.89883327  87.432428   -39.89645869][-39.89928633  87.43668891 -39.89897133][-39.90261068  87.43273998  39.89922479][39.89556508 87.43706514 39.9016798 ]
[ 39.89884726  87.43243152 -39.89631486][-39.89926966  87.43678598 -39.89891893][-39.90268918  87.43278001  39.89927284][39.8954819  87.43714017 39.90181891]
[ 39.89882116  87.43248272 -39.89613269][-39.8992208   87.43691928 -39.89882857][-39.90273203  87.43285983  39.89929617][39.8953679  87.43725374 39.90192927]
[ 39.89883365  87.43251864 -39.89598486][-39.89921069  87.43703301 -39.8987702 ][-39.90281233  87.43292801  39.89935543][39.89528794 87.43734982 39.90207721]
[ 39.89880712  87.43259586 -39.89579977][-39.8991697   87.43717678 -39.89867489][-39.90285861  87.43303027  39.89939083][39.89517806 87.43747874 39.90219743]
[ 39.89881776  87.43265789 -39.89564914][-39.89916673  87.43730037 -39.89861046][-39.90294093  87.43312007  39.89946127][39.89510137 87.43758977 39.90235448]
[ 39.89879049  87.43275625 -39.8954623 ][-39.89913385  87.43744966 -39.89851025][-39.90299039  87.43323931  39.89950841][39.8949956  87.43772925 39.90248453]
[ 39.89879978  87.43283807 -39.89530968][-39.89913876  87.43757748 -39.89844067][-39.90307536  87.43334476  39.89959033][39.89492289 87.43784973 39.90265019]
[ 39.89877232  87.43295236 -39.89512197][-39.89911482  87.43772755 -39.89833632][-39.90312843  87.43347589  39.89964978][39.89482209 87.43799536 39.90278993]
[ 39.89877929  87.43304988 -39.89496701][-39.89912675  87.43785616 -39.89826085][-39.90321486  87.43359264  39.89974228][39.89475277 87.43812191 39.90296306]
[ 39.89875294  87.4331748  -39.8947802 ][-39.89911287  87.43800233 -39.89815364][-39.90327237  87.43373077  39.89981487][39.89465831 87.43826916 39.90311301]
[ 39.89875753  87.43328353 -39.89462318][-39.89913152  87.43812808 -39.89807228][-39.90335967  87.43385443  39.89991765][39.89459259 87.43839798 39.90329296]
[ 39.89873294  87.43341448 -39.89443817][-39.89912779  87.43826683 -39.89796282][-39.90342154  87.43399536  39.90000343][39.89450521 87.43854303 39.90345285]
[ 39.89873566  87.43352965 -39.89427968][-39.89915286  87.43838605 -39.89787599][-39.90350935  87.43412164  39.9001162 ][39.8944436  87.43867014 39.90363915]
[ 39.89871342  87.433662   -39.89409716][-39.89915896  87.43851405 -39.89776476][-39.90357521  87.43426129  39.90021492][39.8943639 87.4388092 39.9038085]
[ 39.89871471  87.43377889 -39.89393756][-39.8991897   87.43862349 -39.89767276][-39.90366289  87.43438608  39.90033711][39.89430674 87.43893084 39.90400047]
[ 39.89869574  87.43390766 -39.89375834][-39.89920527  87.43873718 -39.8975604 ][-39.90373244  87.43452028  39.90044857][39.89423551 87.43905991 39.90417893]
[ 39.89869606  87.43402139 -39.89359795][-39.89924081  87.43883353 -39.89746347][-39.90381916  87.43463937  39.90057958][39.89418319 87.43917233 39.90437586]
[ 39.89868101  87.43414032 -39.89342248][-39.89926548  87.43892727 -39.89734988][-39.90389162  87.43476363  39.90070404][39.89412153 87.43928641 39.90456313]
[ 39.89868199  87.43424376 -39.8932627 ][-39.89930626  87.43900419 -39.89724867][-39.90397717  87.43487201  39.90084508][39.89407612 87.43938478 39.90476575]
[ 39.89867331  87.43435029 -39.89309312][-39.89933965  87.43907835 -39.89713661][-39.90405327  87.43498297  39.90098175][39.89402501 87.43948136 39.90496165]
[ 39.89867291  87.43444329 -39.89293158][-39.89938121  87.43913811 -39.89703011][-39.90413505  87.4350804   39.90112786][39.89398322 87.43956483 39.90516562]
[ 39.89866961  87.43453489 -39.89276676][-39.8994206   87.4391924  -39.89691908][-39.90421289  87.43517607  39.90127405][39.89394113 87.43964293 39.90536776]
[ 39.89867016  87.4346142  -39.89260553][-39.89946344  87.43923395 -39.89680975][-39.90429217  87.4352598   39.9014253 ][39.89390429 87.43970956 39.90557361]
[ 39.89867103  87.43468877 -39.89244429][-39.89950644  87.43926787 -39.89669892][-39.90436988  87.43533829  39.90157853][39.89386973 87.43976795 39.90577974]
[ 39.89867399  87.4347512  -39.89228499][-39.89955094  87.43928951 -39.89658831][-39.9044472   87.43540521  39.90173497][39.89383888 87.43981516 39.90598756]
[ 39.89867836  87.43480609 -39.8921269 ][-39.89959613  87.43930178 -39.89647715][-39.90452334  87.43546438  39.90189389][39.89381132 87.43985207 39.90619605]
[ 39.89868446  87.43484844 -39.89197052][-39.89964215  87.43930151 -39.89636593][-39.90459844  87.43551177  39.90205536][39.8937872  87.43987736 39.90640545]
[ 39.89869207  87.43488186 -39.8918156 ][-39.89968867  87.43929137 -39.89625442][-39.90467222  87.43554973  39.90221894][39.89376632 87.43989147 39.9066152 ]
[ 39.89870135  87.43490214 -39.89166243][-39.89973567  87.43926832 -39.89614287][-39.90474463  87.43557539  39.90238468][39.89374885 87.43989326 39.90682535]
[ 39.8987124   87.43491052 -39.89151112][-39.89978298  87.43923318 -39.89603116][-39.90481529  87.43558894  39.90255247][39.89373508 87.4398816  39.90703554]
[ 39.89872521  87.4349044  -39.8913618 ][-39.8998305   87.43918398 -39.89591945][-39.90488421  87.4355889   39.9027222 ][39.89372492 87.43985621 39.90724574]
[ 39.89873977  87.43488531 -39.89121444][-39.89987806  87.43912196 -39.8958077 ][-39.90495113  87.43557563  39.90289362][39.89371838 87.43981681 39.9074556 ]
[ 39.89875614  87.43485036 -39.89106924][-39.8999256   87.43904488 -39.89569604][-39.90501604  87.43554749  39.90306671][39.89371558 87.43976245 39.90766507]
[ 39.89877433  87.434801   -39.89092623][-39.89997289  87.43895379 -39.89558443][-39.90507858  87.43550481  39.90324127][39.89371658 87.43969293 39.9078738 ]
[ 39.89879437  87.43473418 -39.89078558][-39.90001992  87.4388464  -39.89547299][-39.90513877  87.43544569  39.90341723][39.89372145 87.43960707 39.90808173]
[ 39.89881621  87.43465227 -39.89064724][-39.90006645  87.43872441 -39.89536166][-39.90519631  87.43537125  39.90359434][39.89373014 87.43950539 39.90828851]
[ 39.89883988  87.43455166 -39.89051141][-39.90011248  87.43858526 -39.89525057][-39.90525121  87.43527915  39.90377256][39.89374275 87.43938637 39.90849412]
[ 39.89886527  87.43443555 -39.89037799][-39.90015777  87.43843117 -39.8951396 ][-39.90530315  87.43517119  39.9039516 ][39.89375916 87.4392511  39.90869814]
[ 39.89889244  87.43429978 -39.89024722][-39.90020236  87.43825922 -39.89502889][-39.90535215  87.43504454  39.90413144][39.8937795  87.43909768 39.9089006 ]
[ 39.8989212   87.43414813 -39.89011894][-39.900246    87.43807196 -39.8949183 ][-39.90539787  87.43490154  39.90431179][39.89380361 87.43892762 39.90910105]
[ 39.89895162  87.43397594 -39.88999344][-39.90028874  87.43786617 -39.89480795][-39.90544034  87.43473892  39.90449266][39.89383168 87.43873871 39.90929952]
[ 39.89898351  87.4337874  -39.88987055][-39.90033035  87.43764459 -39.8946977 ][-39.90547919  87.43455937  39.90467375][39.89386354 87.43853267 39.90949556]
[ 39.89901694  87.43357751 -39.88975059][-39.90037091  87.43740376 -39.89458766][-39.90551442  87.43435934  39.90485508][39.89389939 87.43830711 39.90968918]
[ 39.89905167  87.43335071 -39.88963338][-39.90041017  87.43714655 -39.89447766][-39.90554566  87.43414174  39.90503638][39.89393911 87.43806388 39.9098799 ]
[ 39.89908778  87.4331018  -39.88951927][-39.90044825  87.4368694  -39.89436784][-39.90557291  87.43390285  39.9052177 ][39.89398292 87.4378005  39.91006776]
[ 39.89912503  87.43283541 -39.88940811][-39.9004849   87.43657523 -39.89425799][-39.90559574  87.43364569  39.90539876][39.89403072 87.43751886 39.91025222]
[ 39.89916348  87.43254634 -39.88930021][-39.90052027  87.43626056 -39.89414825][-39.90561421  87.43336664  39.90557963][39.89408271 87.43721662 39.91043339]
[ 39.89920287  87.4322393  -39.88919548][-39.90055411  87.43592833 -39.89403841][-39.90562779  87.4330687   39.90576003][39.89413886 87.4368956  39.91061064]
[ 39.89924324  87.43190913 -39.88909423][-39.90058662  87.43557509 -39.8939286 ][-39.90563659  87.43274835  39.90594008][39.89419936 87.43655362 39.91078413]
[ 39.89928433  87.4315609  -39.88899634][-39.90061757  87.43520407 -39.8938186 ][-39.9056401   87.43240889  39.9061195 ][39.89426416 87.43619272 39.91095325]
[ 39.89932618  87.43118871 -39.88890223][-39.90064715  87.43481118 -39.89370855][-39.90563834  87.43204617  39.90629844][39.8943336  87.43581016 39.91111805]
[ 39.89936851  87.43079824 -39.8888118 ][-39.90067512  87.43440001 -39.89359821][-39.90563072  87.43166389  39.90647662][39.89440768 87.43540823 39.91127786]
[ 39.89941136  87.43038216 -39.88872561][-39.90070175  87.43396549 -39.89348775][-39.90561723  87.43125681  39.90665426][39.89448686 87.43498344 39.91143276]
[ 39.8994544   87.42995023 -39.88864315][-39.90072688  87.43351446 -39.89337693][-39.90559774  87.43083202  39.90683113][39.89457073 87.43454083 39.91158235]
[ 39.89949774  87.42949223 -39.88856513][-39.90075092  87.43304009 -39.89326598][-39.90557236  87.43038233  39.90700752][39.89465981 87.43407569 39.91172693]
[ 39.89954099  87.4290207  -39.88849098][-39.90077361  87.43255091 -39.89315459][-39.9055407   87.42991657  39.90718314][39.89475373 87.43359399 39.91186583]
[ 39.89958433  87.42852246 -39.88842149][-39.90079547  87.43203829 -39.89304302][-39.9055031   87.42942566  39.90735832][39.89485298 87.4330899  39.91199961]
[ 39.89962735  87.42801255 -39.88835605][-39.90081613  87.43151226 -39.89293089][-39.90545892  87.42892005  39.90753269][39.89495721 87.43257027 39.91212735]
[ 39.89967031  87.42747551 -39.88829558][-39.90083621  87.43096277 -39.89281853][-39.90540861  87.42838919  39.90770666][39.89506698 87.43202834 39.91224978]
[ 39.89971273  87.42692793 -39.88823945][-39.90085527  87.43040082 -39.89270547][-39.90535135  87.42784458  39.90787977][39.89518194 87.43147159 39.91236577]
[ 39.89975488  87.42635359 -39.88818859][-39.90087393  87.42981592 -39.89259207][-39.90528765  87.42727525  39.90805247][39.89530269 87.4308931  39.91247613]
[ 39.89979623  87.42576959 -39.88814236][-39.90089171  87.42921944 -39.89247779][-39.90521659  87.42669315  39.90822428][39.89542885 87.43030072 39.91257965]
[ 39.899837    87.42516028 -39.88810161][-39.9009092   87.42860139 -39.89236296][-39.90513873  87.42608776  39.90839566][39.89556098 87.42968799 39.9126771 ]
[ 39.8998766   87.42454221 -39.88806573][-39.90092589  87.4279728  -39.89224699][-39.90505302  87.42547076  39.9085661 ][39.89569871 87.4290627  39.91276721]
[ 39.89991516  87.42390124 -39.88803542][-39.90094233  87.42732485 -39.89213016][-39.9049601   87.42483267  39.90873605][39.89584247 87.42841922 39.91285076]
[ 39.89995203  87.42325233 -39.8880103 ][-39.90095802  87.42666742 -39.89201181][-39.90485866  87.42418405  39.908905  ][39.89599206 87.42776479 39.9129263 ]
[ 39.89998733  87.42258369 -39.88799076][-39.90097347  87.42599364 -39.89189226][-39.90474963  87.42351698  39.90907339][39.89614767 87.4270948  39.91299472]
[ 39.90002003  87.42190537 -39.88797769][-39.90098819  87.42530939 -39.89177051][-39.90462998  87.42283813  39.90924058][39.89631016 87.42641428 39.91305332]
[ 39.90005036  87.42121229 -39.88797049][-39.90100267  87.42461386 -39.89164711][-39.90450195  87.42214338  39.90940716][39.89647902 87.42572103 39.91310373]
[ 39.90007848  87.4205154  -39.88796795][-39.90101677  87.42391312 -39.89152179][-39.90436604  87.42144451  39.90957285][39.89665275 87.4250236  39.91314655]
[ 39.90010401  87.41980671 -39.88797106][-39.90103089  87.423204   -39.89139473][-39.90422216  87.42073269  39.90973803][39.89683244 87.42431633 39.91318136]
[ 39.90012682  87.4190955  -39.88797927][-39.90104484  87.42249127 -39.8912655 ][-39.90406995  87.4200179   39.90990235][39.89701729 87.42360671 39.91320794]
[ 39.90014658  87.41837428 -39.88799279][-39.90105878  87.42177215 -39.89113421][-39.9039098   87.41929164  39.91006591][39.89720755 87.42288888 39.91322634]
[ 39.90016386  87.41765189 -39.88801157][-39.901073    87.42105082 -39.89100117][-39.90374211  87.418564    39.91022885][39.89740291 87.42217048 39.91323699]
[ 39.90017823  87.41692094 -39.88803571][-39.90108748  87.42032479 -39.89086639][-39.9035671   87.41782626  39.9103911 ][39.89760348 87.42144546 39.91323981]
[ 39.90019032  87.41618993 -39.88806515][-39.90110252  87.41959779 -39.89073025][-39.90338523  87.4170884   39.9105528 ][39.89780892 87.42072139 39.91323531]
[ 39.9001997   87.41545133 -39.88810001][-39.90111807  87.41886735 -39.89059276][-39.90319669  87.41634144  39.91071382][39.89801935 87.41999197 39.91322334]
[ 39.90020695  87.41471328 -39.88814047][-39.90113442  87.41813688 -39.8904543 ][-39.90300172  87.41559521  39.91087431][39.89823461 87.41926497 39.91320424]
[ 39.90021169  87.41396882 -39.88818637][-39.90115147  87.41740466 -39.89031489][-39.90280071  87.41484056  39.91103405][39.89845461 87.41853371 39.91317797]
[ 39.90021454  87.41322533 -39.88823804][-39.90116953  87.41667309 -39.890175  ][-39.9025939   87.4140877   39.91119324][39.89867921 87.41780645 39.91314493]
[ 39.9002151   87.41247694 -39.88829501][-39.90118837  87.41594197 -39.89003457][-39.90238181  87.41332697  39.91135159][39.89890816 87.41707585 39.91310511]
[ 39.90021403  87.41172967 -39.88835773][-39.9012083   87.41521174 -39.88989409][-39.90216463  87.41256938  39.9115093 ][39.89914129 87.41635101 39.913059  ]
[ 39.90021077  87.41097906 -39.88842566][-39.90122905  87.41448442 -39.88975341][-39.90194274  87.41180422  39.91166596][39.89937837 87.41562366 39.91300626]
[ 39.90020601  87.41022914 -39.88849963][-39.90125096  87.41375795 -39.88961308][-39.90171616  87.41104334  39.91182175][39.89961932 87.41490401 39.91294734]
[ 39.90019898  87.40947815 -39.88857868][-39.90127356  87.41303828 -39.88947278][-39.90148522  87.41027459  39.91197609][39.89986373 87.41418249 39.91288176]
[ 39.90019073  87.40872706 -39.88866396][-39.90129738  87.41231852 -39.88933335][-39.90125027  87.40951215  39.91212936][39.90011159 87.41347091 39.91281025]
[ 39.90018003  87.40797752 -39.88875421][-39.90132164  87.4116107  -39.88919411][-39.90101112  87.40874142  39.9122806 ][39.90036218 87.4127585  39.91273199]
[ 39.90016871  87.40722803 -39.88884964][-39.90134704  87.41090108 -39.88905615][-39.9007695   87.40797907  39.9124309 ][39.90061544 87.41205667 39.91264882]
[ 39.90015504  87.40648025 -39.88894956][-39.90137263  87.4102042  -39.88891852][-39.90052439  87.4072089   39.91257891][39.90087047 87.41135473 39.91255968]
[ 39.90014096  87.40573406 -39.88905435][-39.90139929  87.40950675 -39.88878249][-39.9002776   87.40644866  39.91272578][39.90112768 87.41066447 39.91246586]
[ 39.90012469  87.40498877 -39.88916305][-39.90142592  87.40882189 -39.88864701][-39.90002792  87.40568058  39.91287008][39.90138585 87.40997439 39.91236646]
[ 39.90010828  87.40424583 -39.88927625][-39.90145353  87.40813669 -39.88851354][-39.89977736  87.40492305  39.913013  ][39.90164565 87.40929687 39.91226267]
[ 39.90008979  87.40350316 -39.88939326][-39.90148086  87.40746463 -39.88838082][-39.89952445  87.40415724  39.91315284][39.90190562 87.40861964 39.91215387]
[ 39.90007146  87.40276364 -39.88951439][-39.90150908  87.40679275 -39.88825061][-39.8992715   87.40340364  39.91329108][39.90216671 87.40795587 39.91204094]
[ 39.90005135  87.40202471 -39.88963905][-39.90153687  87.40613539 -39.88812152][-39.89901684  87.40264261  39.91342587][39.90242727 87.407293   39.91192341]
[ 39.9000316   87.4012878  -39.88976745][-39.90156544  87.40547598 -39.88799536][-39.89876286  87.40189192  39.91355875][39.9026884  87.40664418 39.91180191]
[ 39.90001022  87.40055091 -39.88989921][-39.90159339  87.40482986 -39.88787052][-39.8985077   87.40113387  39.91368777][39.90294828 87.40599703 39.91167625]
[ 39.89998928  87.39982037 -39.89003444][-39.90162196  87.40418991 -39.88774902][-39.89825389  87.4003902   39.9138147 ][39.90320827 87.40536441 39.91154695]
[ 39.89996722  87.39909017 -39.89017257][-39.90164997  87.40356247 -39.88762937][-39.89799979  87.39964331  39.91393779][39.90346661 87.40473571 39.91141381]
[ 39.89994537  87.39836165 -39.89031351][-39.90167829  87.40293594 -39.8875129 ][-39.89774706  87.39890031  39.91405825][39.90372418 87.40411835 39.91127711]
[ 39.89992246  87.39763387 -39.8904574 ][-39.90170595  87.40231954 -39.88739846][-39.89749467  87.39815661  39.91417472][39.90397968 87.40350737 39.91113711]
[ 39.89989953  87.39691255 -39.8906039 ][-39.90173357  87.4017127  -39.88728716][-39.89724389  87.39742077  39.91428812][39.9042337  87.40290888 39.91099389]
[ 39.89987615  87.39619147 -39.89075264][-39.90176075  87.40111454 -39.88717883][-39.89699443  87.39668506  39.91439772][39.90448541 87.4023184  39.91084724]
[ 39.8998528   87.39547643 -39.89090378][-39.90178776  87.40052647 -39.88707403][-39.89674714  87.39595627  39.91450386][39.90473503 87.40174047 39.91069747]
[ 39.89982876  87.39476211 -39.89105719][-39.90181401  87.3999472  -39.88697238][-39.89650168  87.39522934  39.9146056 ][39.90498161 87.40117236 39.91054444]
[ 39.89980487  87.39405445 -39.89121304][-39.90184004  87.39937998 -39.88687494][-39.89625922  87.39450972  39.91470325][39.90522536 87.40061805 39.91038834]
[ 39.89978021  87.39334896 -39.89137067][-39.901865    87.3988235  -39.88678128][-39.89601935  87.39379373  39.91479567][39.90546506 87.40007603 39.91022847]
[ 39.89975622  87.39265121 -39.89153141][-39.90189006  87.39828254 -39.88669336][-39.89578412  87.39308574  39.91488314][39.90570106 87.39955001 39.91006573]
[ 39.89972943  87.39195956 -39.89169247][-39.90191203  87.39775862 -39.88660879][-39.8955512   87.39238497  39.914962  ][39.90592959 87.39904113 39.90989666]
[ 39.89970706  87.39127372 -39.89185983][-39.90193754  87.39724925 -39.88653322][-39.89532662  87.39168952  39.91503877][39.90615712 87.39854532 39.90972909]
[ 39.89967912  87.39059302 -39.89202376][-39.90195763  87.39675246 -39.88645653][-39.89510042  87.39100006  39.91510685][39.90637623 87.39806201 39.90955403]
[ 39.89965533  87.38991778 -39.89219304][-39.90198114  87.39626833 -39.8863878 ][-39.8948817   87.39031558  39.91517345][39.90659449 87.39759023 39.909381  ]
[ 39.89962548  87.38924844 -39.89235806][-39.9019987   87.39579787 -39.88631743][-39.89466129  87.38963663  39.91523091][39.90680363 87.39712967 39.90920036]
[ 39.89960119  87.38858394 -39.89252922][-39.90202082  87.39533872 -39.88625608][-39.89444975  87.38896253  39.91528814][39.90701285 87.39667997 39.90902354]
[ 39.89957081  87.38792513 -39.89269564][-39.90203689  87.39489239 -39.88619286][-39.8942365   87.38829378  39.91533637][39.90721283 87.39624108 39.90883958]
[ 39.89954576  87.3872717  -39.89286746][-39.90205709  87.39445782 -39.88613849][-39.89403223  87.38763018  39.91538396][39.90741219 87.39581296 39.9086595 ]
[ 39.89951536  87.38662384 -39.89303476][-39.90207173  87.39403562 -39.88608303][-39.89382722  87.3869724   39.91542291][39.90760245 87.39539623 39.90847331]
[ 39.89948889  87.38598182 -39.8932057 ][-39.90208915  87.3936248  -39.8860348 ][-39.89362977  87.38632     39.91546044][39.90779102 87.39498964 39.90829003]
[ 39.89945919  87.38534481 -39.89337364][-39.9021028   87.39322556 -39.88598746][-39.89343379  87.38567313  39.9154908 ][39.9079718  87.39459403 39.90810298]
[ 39.89943146  87.38471415 -39.89354309][-39.90211743  87.3928375  -39.88594523][-39.89324341  87.38503189  39.91551857][39.9081495  87.39420806 39.90791729]
[ 39.89940261  87.38408776 -39.8937111 ][-39.90213017  87.39245959 -39.88590551][-39.89305625  87.38439551  39.91554107][39.90832122 87.39383178 39.90773016]
[ 39.89937428  87.3834683  -39.89387898][-39.9021425   87.3920932  -39.88586955][-39.89287353  87.38376531  39.91555983][39.90848848 87.39346543 39.90754323]
[ 39.89934574  87.38285294 -39.894046  ][-39.90215376  87.39173618 -39.88583671][-39.89269476  87.38313979  39.91557428][39.90865062 87.39310807 39.90735603]
[ 39.89931731  87.38224461 -39.89421225][-39.90216422  87.39139036 -39.88580709][-39.89252004  87.38252058  39.91558482][39.90880795 87.39276041 39.90716887]
[ 39.8992889   87.38164059 -39.8943776 ][-39.90217379  87.39105374 -39.8857807 ][-39.89234951  87.38190628  39.9155913 ][39.90896028 87.39242164 39.90698188]
[ 39.89926055  87.38104395 -39.89454186][-39.90218246  87.39072849 -39.88575751][-39.8921832   87.38129872  39.91559376][39.90910752 87.39209284 39.90679512]
[ 39.89923228  87.38045193 -39.89470502][-39.90219026  87.39041245 -39.88573756][-39.89202124  87.38069643  39.91559224][39.90924967 87.39177302 39.9066088 ]
[ 39.89920408  87.37986762 -39.89486686][-39.90219714  87.39010788 -39.88572082][-39.89186367  87.38010127  39.91558669][39.90938655 87.39146336 39.90642293]
[ 39.899176    87.37928824 -39.89502738][-39.90220314  87.38981255 -39.88570733][-39.89171063  87.37951177  39.91557717][39.90951821 87.39116281 39.90623775]
[ 39.899148    87.3787169  -39.89518634][-39.90220821  87.38952883 -39.88569707][-39.89156217  87.37892975  39.9155636 ][39.9096444  87.39087258 39.90605327]
[ 39.89912015  87.37815075 -39.89534377][-39.90221241  87.38925438 -39.88569009][-39.89141841  87.37835374  39.91554606][39.90976523 87.3905916  39.90586973]
[ 39.89909242  87.37759289 -39.89549942][-39.90221566  87.38899154 -39.88568637][-39.89127943  87.37778548  39.91552447][39.90988044 87.39032096 39.90568712]
[ 39.89906487  87.37704041 -39.89565333][-39.90221803  87.38873795 -39.88568596][-39.89114534  87.37722347  39.91549892][39.90999012 87.3900596  39.90550569]
[ 39.89903748  87.37649639 -39.89580526][-39.90221945  87.38849593 -39.88568884][-39.89101619  87.37666942  39.91546932][39.91009406 87.38980858 39.90532546]
[ 39.89901034  87.37595788 -39.89595522][-39.90222     87.38826305 -39.88569507][-39.89089214  87.3761218   39.91543577][39.91019233 87.38956677 39.90514667]
[ 39.89898342  87.37542793 -39.896103  ][-39.90221958  87.38804162 -39.88570463][-39.89077323  87.37558227  39.91539817][39.91028472 87.3893352  39.90496933]
[ 39.8989568   87.37490355 -39.89624861][-39.90221829  87.38782917 -39.88571759][-39.8906596   87.37504925  39.91535662][39.91037131 87.38911271 39.90479371]
[ 39.89893047  87.37438774 -39.89639181][-39.90221602  87.38762796 -39.88573394][-39.89055131  87.37452439  39.91531103][39.91045187 87.38890032 39.90461981]
[ 39.89890453  87.37387749 -39.89653265][-39.90221286  87.38743553 -39.88575374][-39.8904485   87.37400606  39.9152615 ][39.91052652 87.38869679 39.90444789]
[ 39.89887895  87.37337576 -39.89667088][-39.90220873  87.38725406 -39.885777  ][-39.89035123  87.37349587  39.91520794][39.91059501 87.38850313 39.90427798]
[ 39.89885384  87.37287953 -39.89680655][-39.9022037   87.38708108 -39.88580377][-39.89025964  87.37299217  39.91515046][39.91065746 87.38831806 39.90411032]
[ 39.89882919  87.37239167 -39.89693938][-39.90219768  87.38691873 -39.88583407][-39.89017382  87.37249651  39.91508894][39.91071361 87.38814256 39.90394497]
[ 39.89880508  87.37190919 -39.89706946][-39.90219076  87.38676451 -39.88586794][-39.89009387  87.37200722  39.91502351][39.91076361 87.38797532 39.90378215]
[ 39.89878152  87.37143485 -39.89719649][-39.90218284  87.38662054 -39.88590544][-39.89001993  87.37152581  39.91495404][39.91080714 87.38781731 39.90362193]
[ 39.89875861  87.37096573 -39.89732055][-39.90217401  87.38648431 -39.88594658][-39.88995207  87.37105063  39.91488067][39.9108444  87.38766717 39.90346454]
[ 39.89873634  87.37050448 -39.89744132][-39.90216418  87.3863579  -39.88599147][-39.88989052  87.37058306  39.91480322][39.91087498 87.38752586 39.90331008]
[ 39.89871482  87.37004825 -39.89755892][-39.90215343  87.38623879 -39.88604009][-39.88983529  87.37012157  39.91472187][39.91089913 87.38739204 39.90315875]
[ 39.89869406  87.36959958 -39.8976729 ][-39.90214163  87.38612916 -39.88609267][-39.8897868   87.3696674   39.91463633][39.91091626 87.38726666 39.90301077]
[ 39.89867415  87.36915576 -39.89778345][-39.90212891  87.3860264  -39.88614911][-39.88974496  87.36921921  39.91454685][39.91092673 87.38714841 39.90286625]
[ 39.89865516  87.36871925 -39.89788988][-39.90211507  87.38593297 -39.88620993][-39.88971065  87.36877804  39.91445287][39.91092949 87.38703833 39.90272571]
[ 39.89863717  87.36828755 -39.89799247][-39.90210026  87.3858461  -39.88627487][-39.88968355  87.3683429   39.91435477][39.91092513 87.38693516 39.90258911]
[ 39.89862029  87.36786258 -39.89809043][-39.90208427  87.38576809 -39.88634459][-39.88966477  87.36791419  39.91425191][39.91091236 87.38683961 39.90245715]
[ 39.89860457  87.36744224 -39.89818409][-39.90206726  87.38569628 -39.88641877][-39.88965387  87.36749129  39.9141447 ][39.9108919  87.38675052 39.90232971]
[ 39.89859005  87.36702735 -39.898273  ][-39.90204912  87.38563169 -39.88649772][-39.8896514   87.36707384  39.91403289][39.91086313 87.38666775 39.90220718]
[ 39.89857677  87.36661624 -39.89835752][-39.90203     87.38557228 -39.88658108][-39.88965681  87.36666115  39.91391688][39.91082674 87.3865902  39.90208937]
[ 39.89856461  87.36620879 -39.89843798][-39.90201     87.38551758 -39.88666843][-39.88966934  87.36625244  39.91379717][39.91078348 87.38651697 39.9019759 ]
[ 39.89855358  87.36580391 -39.89851449][-39.90198917  87.38546655 -39.88675963][-39.88968885  87.36584706  39.91367388][39.91073355 87.38644735 39.90186678]
[ 39.89854363  87.36540183 -39.89858711][-39.90196755  87.38541904 -39.88685451][-39.88971507  87.36544491  39.91354725][39.91067723 87.38638103 39.90176189]
[ 39.89853473  87.36500163 -39.89865596][-39.90194519  87.38537427 -39.88695291][-39.88974776  87.36504529  39.91341743][39.91061476 87.38631737 39.90166117]
[ 39.89852683  87.36460369 -39.89872097][-39.90192211  87.38533221 -39.88705473][-39.88978687  87.36464839  39.91328451][39.9105462  87.38625631 39.9015646 ]
[ 39.89851988  87.36420709 -39.89878227][-39.90189835  87.38529217 -39.8871598 ][-39.88983214  87.36425346  39.91314865][39.91047177 87.38619721 39.90147212]
[ 39.89851383  87.36381224 -39.89883979][-39.90187394  87.38525411 -39.88726803][-39.88988353  87.36386075  39.91300993][39.91039151 87.38614005 39.90138368]
[ 39.89850861  87.36341824 -39.89889367][-39.90184894  87.38521738 -39.88737924][-39.8899408   87.36346948  39.91286851][39.91030564 87.38608419 39.90129924]
[ 39.89850417  87.36302546 -39.89894382][-39.90182337  87.38518192 -39.88749337][-39.89000391  87.36307993  39.91272445][39.91021418 87.38602963 39.90121876]
[ 39.89850046  87.36263302 -39.89899037][-39.90179729  87.3851471  -39.88761025][-39.89007266  87.3626913   39.91257789][39.91011733 87.38597573 39.9011422 ]
[ 39.89849743  87.36224131 -39.89903326][-39.90177073  87.38511289 -39.88772981][-39.89014701  87.36230389  39.91242891][39.91001512 87.3859225  39.90106953]
[ 39.89849504  87.36184941 -39.89907259][-39.90174375  87.38507864 -39.88785192][-39.8902268   87.36191688  39.91227765][39.90990773 87.3858693  39.90100074]
[ 39.89849326  87.36145773 -39.89910831][-39.90171639  87.38504435 -39.88797652][-39.890312    87.36153056  39.91212416][39.90979518 87.38581612 39.90093582]
[ 39.89849205  87.36106534 -39.89914051][-39.90168869  87.38500935 -39.8881035 ][-39.89040246  87.36114411  39.91196857][39.90967762 87.38576234 39.90087475]
[ 39.89849138  87.36067265 -39.89916909][-39.9016607   87.38497369 -39.88823281][-39.89049822  87.36075783  39.91181092][39.90955502 87.38570794 39.90081757]
[ 39.89849123  87.36027872 -39.89919418][-39.90163246  87.38493667 -39.88836435][-39.89059911  87.36037086  39.91165136][39.90942758 87.38565229 39.90076427]
[ 39.89849158  87.35988392 -39.89921557][-39.90160399  87.38489828 -39.88849814][-39.89070531  87.3599835   39.91148988][39.90929513 87.38559534 39.90071497]
[ 39.89849241  87.35948734 -39.89923346][-39.90157537  87.38485792 -39.88863402][-39.89081657  87.35959489  39.91132663][39.90915794 87.38553648 39.9006696 ]
[ 39.8984937   87.35908944 -39.89924779][-39.90154661  87.38481565 -39.88877193][-39.89093284  87.35920539  39.91116171][39.90901607 87.38547575 39.90062813]
[ 39.89849542  87.35868921 -39.89925869][-39.90151777  87.38477078 -39.88891178][-39.89105399  87.35881409  39.91099523][39.90886968 87.38541248 39.90059056]
[ 39.89849754  87.35828729 -39.89926619][-39.90148886  87.38472354 -39.88905344][-39.89117983  87.35842146  39.91082731][39.90871893 87.38534686 39.90055675]
[ 39.89850006  87.35788255 -39.89927039][-39.90145995  87.38467314 -39.88919686][-39.89131029  87.35802654  39.91065804][39.90856396 87.38527818 39.90052674]
[ 39.89850294  87.35747575 -39.89927128][-39.90143103  87.38461994 -39.8893419 ][-39.8914452   87.35762988  39.91048754][39.9084049  87.38520666 39.9005004 ]
[ 39.89850618  87.35706568 -39.899269  ][-39.90140215  87.38456307 -39.8894885 ][-39.89158444  87.35723047  39.9103159 ][39.9082419  87.38513159 39.90047776]
[ 39.89850974  87.35665314 -39.89926347][-39.90137333  87.38450291 -39.88963658][-39.89172795  87.3568289   39.91014319][39.90807501 87.38505318 39.90045874]
[ 39.89851361  87.35623692 -39.89925487][-39.9013446   87.38443862 -39.88978603][-39.89187557  87.35642413  39.90996954][39.90790443 87.38497076 39.90044333]
[ 39.89851777  87.35581782 -39.89924308][-39.90131598  87.38437056 -39.88993679][-39.89202727  87.35601678  39.909795  ][39.90773015 87.38488451 39.9004315 ]
[ 39.8985222   87.35539465 -39.89922831][-39.90128751  87.38429795 -39.89008877][-39.89218284  87.35560583  39.9096197 ][39.90755242 87.38479381 39.90042321]
[ 39.8985269   87.35496812 -39.89921037][-39.9012592   87.38422099 -39.89024191][-39.89234237  87.35519183  39.90944368][39.90737115 87.38469872 39.9004185 ]
[ 39.89853183  87.35453716 -39.89918951][-39.90123108  87.3841391  -39.8903961 ][-39.89250559  87.35477383  39.90926707][39.90718663 87.38459876 39.90041728]
[ 39.89853701  87.35410216 -39.8991654 ][-39.90120319  87.38405206 -39.89055134][-39.89267277  87.35435215  39.9090899 ][39.90699861 87.38449365 39.90041979]
[ 39.89854241  87.35366236 -39.89913836][-39.90117553  87.3839597  -39.89070748][-39.89284351  87.35392605  39.9089123 ][39.90680745 87.38438318 39.9004258 ]
[ 39.89854806  87.35321767 -39.89910789][-39.90114816  87.38386115 -39.89086458][-39.8930183   87.35349552  39.90873431][39.90661278 87.38426665 39.90043578]
[ 39.89855392  87.35276785 -39.89907446][-39.90112107  87.38375694 -39.89102244][-39.89319658  87.35306017  39.90855604][39.90641504 87.38414425 39.90044935]
[ 39.89855996  87.35231409 -39.89903835][-39.90109421  87.38364772 -39.89118092][-39.89337791  87.3526212   39.90837762][39.9062147  87.3840169  39.90046602]
[ 39.89856617  87.35185552 -39.89899966][-39.90106763  87.3835331  -39.89133993][-39.89356214  87.35217771  39.9081991 ][39.90601185 87.38388409 39.90048582]
[ 39.89857252  87.35139294 -39.89895842][-39.90104127  87.38341342 -39.89149938][-39.89374912  87.35173046  39.90802058][39.90580664 87.38374621 39.90050854]
[ 39.898579    87.35092552 -39.89891483][-39.90101515  87.3832883  -39.89165917][-39.8939386   87.35127866  39.9078421 ][39.90559926 87.38360288 39.9005341 ]
[ 39.89858559  87.3504541  -39.89886891][-39.90098926  87.38315814 -39.89181921][-39.89413044  87.35082302  39.90766375][39.90538988 87.38345447 39.90056231]
[ 39.89859229  87.34997776 -39.89882086][-39.90096362  87.38302246 -39.89197944][-39.89432445  87.35036275  39.90748561][39.90517868 87.38330055 39.90059312]
[ 39.89859908  87.34949731 -39.89877069][-39.90093822  87.38288165 -39.89213977][-39.8945205   87.34989851  39.90730776][39.9049658  87.38314144 39.90062638]
[ 39.89860597  87.34901183 -39.8987186 ][-39.90091311  87.38273518 -39.89230015][-39.89471843  87.3494295   39.90713028][39.90475142 87.38297673 39.90066205]
[ 39.89861294  87.34852216 -39.89866459][-39.90088828  87.38258351 -39.8924605 ][-39.8949181   87.34895641  39.90695325][39.90453568 87.38280673 39.90069999]
[ 39.89862001  87.34802734 -39.89860887][-39.90086377  87.38242605 -39.89262077][-39.89511937  87.3484784   39.90677676][39.90431876 87.38263102 39.90074016]
[ 39.89862715  87.34752828 -39.89855144][-39.90083956  87.38226333 -39.89278087][-39.89532211  87.34799623  39.90660087][39.90410078 87.38244996 39.90078241]
[ 39.8986344   87.34702395 -39.89849249][-39.90081571  87.38209472 -39.89294077][-39.89552616  87.34750904  39.90642566][39.90388192 87.38226311 39.90082673]
[ 39.89864172  87.34651537 -39.89843202][-39.90079218  87.38192083 -39.89310039][-39.8957314   87.34701761  39.9062512 ][39.90366231 87.38207086 39.90087296]
[ 39.89864915  87.34600146 -39.89837024][-39.90076903  87.38174098 -39.89325969][-39.89593769  87.34652108  39.90607757][39.90344211 87.38187278 39.90092109]
[ 39.89865666  87.34548327 -39.89830713][-39.90074622  87.38155582 -39.89341859][-39.89614488  87.34602027  39.90590481][39.90322144 87.38166927 39.90097096]
[ 39.89866428  87.34495971 -39.89824288][-39.9007238   87.38136465 -39.89357707][-39.89635286  87.3455143   39.905733  ][39.90300046 87.38145989 39.90102255]
[ 39.898672    87.34443188 -39.89817749][-39.90070173  87.38116819 -39.89373503][-39.89656148  87.34500402  39.90556218][39.90277929 87.38124509 39.90107572]
[ 39.89867984  87.34389866 -39.89811115][-39.90068004  87.38096569 -39.89389247][-39.89677062  87.34448853  39.90539243][39.90255809 87.3810244  39.90113044]
[ 39.89868778  87.34336119 -39.89804384][-39.9006587   87.38075791 -39.89404929][-39.89698012  87.34396873  39.90522378][39.90233696 87.38079831 39.90118657]
[ 39.89869586  87.34281833 -39.89797575][-39.90063776  87.38054408 -39.89420549][-39.89718989  87.34344369  39.90505629][39.90211606 87.38056634 39.9012441 ]
[ 39.89870406  87.34227125 -39.89790687][-39.90061715  87.38032499 -39.89436097][-39.89739976  87.34291434  39.90489001][39.9018955  87.38032898 39.90130285]
[ 39.8987124   87.34171879 -39.89783738][-39.90059692  87.38009985 -39.89451573][-39.89760963  87.34237976  39.90472499][39.90167544 87.38008577 39.90136283]
[ 39.89872087  87.3411621  -39.89776726][-39.90057704  87.37986943 -39.89466967][-39.89781933  87.34184081  39.90456129][39.90145597 87.37983714 39.90142389]
[ 39.89872951  87.34060006 -39.89769671][-39.90055752  87.37963298 -39.8948228 ][-39.89802878  87.34129664  39.90439894][39.90123727 87.37958269 39.901486  ]
[ 39.8987383   87.34003369 -39.8976257 ][-39.90053834  87.37939108 -39.89497498][-39.89823779  87.34074797  39.90423804][39.90101946 87.37932268 39.90154905]
[ 39.89874726  87.33946203 -39.89755443][-39.90051953  87.37914319 -39.89512626][-39.89844627  87.34019411  39.90407861][39.90080268 87.37905688 39.90161299]
[ 39.89875639  87.33888617 -39.89748287][-39.90050104  87.37889001 -39.89527652][-39.89865405  87.33963586  39.90392069][39.90058704 87.37878568 39.90167766]
[ 39.89876571  87.33830513 -39.89741123][-39.9004829   87.37863091 -39.89542579][-39.89886103  87.3390725   39.90376432][39.9003727  87.3785088  39.90174305]
[ 39.89877521  87.33771967 -39.8973395 ][-39.90046509  87.37836622 -39.89557388][-39.89906699  87.3385045   39.90360965][39.90015986 87.37822624 39.90180902]
[ 39.89878493  87.33712916 -39.89726785][-39.90044762  87.37809568 -39.89572088][-39.89927187  87.33793149  39.90345663][39.89994858 87.37793807 39.90187554]
[ 39.89879487  87.33653343 -39.89719632][-39.90043052  87.37781862 -39.89586642][-39.89947524  87.33735299  39.90330567][39.89973936 87.37764332 39.9019425 ]
[ 39.89880506  87.33593269 -39.8971251 ][-39.90041378  87.37753561 -39.89601072][-39.89967719  87.33676949  39.90315654][39.89953209 87.37734286 39.90200985]
[ 39.89881542  87.3353281  -39.89705415][-39.90039731  87.37724769 -39.89615376][-39.89987763  87.33618188  39.90300916][39.89932675 87.37703745 39.90207735]
[ 39.89882601  87.334719   -39.89698366][-39.90038118  87.37695433 -39.89629551][-39.90007645  87.33558974  39.9028636 ][39.89912352 87.37672687 39.90214501]
[ 39.89883675  87.33410638 -39.89691362][-39.9003653   87.37665639 -39.89643596][-39.90027355  87.3349938   39.9027198 ][39.8989224  87.37641169 39.90221262]
[ 39.89884767  87.33348954 -39.89684418][-39.9003497   87.37635331 -39.89657508][-39.90046881  87.33439359  39.90257779][39.89872352 87.37609165 39.90228016]
[ 39.89885874  87.33286926 -39.89677536][-39.90033435  87.37604572 -39.89671283][-39.90066211  87.33378966  39.90243759][39.89852698 87.3757671  39.90234745]
[ 39.89886998  87.33224493 -39.8967073 ][-39.90031927  87.37573314 -39.89684922][-39.90085339  87.33318159  39.9022992 ][39.89833287 87.37543786 39.90241449]
[ 39.89888136  87.33161722 -39.89664005][-39.90030445  87.3754161  -39.89698418][-39.90104249  87.33256986  39.90216268][39.89814132 87.37510418 39.9024811 ]
[ 39.89889293  87.33098555 -39.89657375][-39.90028991  87.37509417 -39.89711776][-39.90122937  87.33195405  39.90202803][39.89795243 87.3747659  39.9025473 ]
[ 39.89890467  87.33035057 -39.89650844][-39.90027563  87.3747678  -39.89724986][-39.90141386  87.33133463  39.90189531][39.89776635 87.37442322 39.90261291]
[ 39.89891659  87.3297117  -39.89644427][-39.90026166  87.37443658 -39.89738053][-39.90159593  87.33071119  39.90176454][39.89758315 87.37407602 39.90267793]
[ 39.89892869  87.3290696  -39.89638129][-39.90024796  87.37410098 -39.8975097 ][-39.90177538  87.33008419  39.90163577][39.89740301 87.37372447 39.9027422 ]
[ 39.89894099  87.32842369 -39.89631962][-39.90023459  87.37376058 -39.89763738][-39.90195221  87.32945324  39.90150901][39.89722598 87.37336847 39.90280572]
[ 39.89895347  87.3277746  -39.89625934][-39.90022151  87.37341581 -39.8977635 ][-39.9021262   87.32881877  39.90138432][39.89705224 87.37300817 39.90286832]
[ 39.89896616  87.32712179 -39.89620056][-39.90020875  87.3730663  -39.8978881 ][-39.90229734  87.32818041  39.90126171][39.89688186 87.37264348 39.90293001]
[ 39.89897903  87.32646586 -39.89614335][-39.90019631  87.37271243 -39.89801106][-39.9024654   87.32753857  39.90114124][39.89671501 87.37227452 39.90299058]
[ 39.89899211  87.3258063  -39.89608782][-39.90018421  87.37235387 -39.89813244][-39.9026304   87.32689292  39.9010229 ][39.89655174 87.37190124 39.90305007]
[ 39.89900536  87.32514367 -39.89603406][-39.90017242  87.37199097 -39.89825213][-39.90279207  87.32624384  39.90090678][39.89639227 87.37152374 39.90310827]
[ 39.8990188   87.32447754 -39.89598214][-39.90016099  87.37162346 -39.89837017][-39.90295046  87.32559104  39.90079283][39.89623657 87.371142   39.90316521]
[ 39.89903241  87.32380841 -39.89593217][-39.90014989  87.37125165 -39.89848645][-39.90310528  87.32493488  39.90068117][39.89608489 87.3707561  39.90322066]
[ 39.89904619  87.32313588 -39.89588421][-39.90013914  87.37087527 -39.89860102][-39.9032566   87.32427507  39.90057173][39.89593721 87.37036604 39.90327467]
[ 39.89906011  87.32246049 -39.89583834][-39.90012872  87.37049472 -39.89871379][-39.90340417  87.32361205  39.90046459][39.89579372 87.36997195 39.90332703]
[ 39.89907417  87.32178182 -39.89579463][-39.90011867  87.37010969 -39.8988248 ][-39.90354804  87.32294549  39.90035971][39.89565439 87.3695738  39.90337777]
[ 39.89908836  87.32110038 -39.89575318][-39.90010895  87.36972051 -39.89893394][-39.90368793  87.32227576  39.90025717][39.89551946 87.36917169 39.90342668]
[ 39.89910267  87.32041576 -39.89571404][-39.9000996   87.36932695 -39.89904127][-39.90382393  87.32160261  39.90015691][39.89538886 87.36876559 39.90347381]
[ 39.89911706  87.3197285  -39.89567727][-39.9000906   87.36892935 -39.8991467 ][-39.90395583  87.32092642  39.90005901][39.89526278 87.36835568 39.90351895]
[ 39.89913156  87.3190382  -39.89564292][-39.90008195  87.36852747 -39.89925029][-39.90408367  87.32024692  39.89996339][39.89514115 87.3679419  39.90356216]
[ 39.89914611  87.3183454  -39.89561103][-39.90007365  87.36812169 -39.89935198][-39.90420732  87.31956454  39.89987009][39.89502411 87.36752444 39.90360327]
[ 39.89916074  87.31764968 -39.89558167][-39.90006571  87.36771174 -39.89945181][-39.9043268   87.31887896  39.89977907][39.89491163 87.36710324 39.90364231]
[ 39.89917541  87.31695152 -39.89555489][-39.90005812  87.36729793 -39.89954969][-39.90444191  87.31819054  39.8996904 ][39.89480387 87.36667841 39.90367911]
[ 39.89919013  87.31625054 -39.89553075][-39.90005089  87.36688    -39.89964569][-39.90455274  87.31749901  39.89960401][39.89470079 87.3662499  39.90371371]
[ 39.89920487  87.31554713 -39.89550934][-39.90004401  87.3664582  -39.8997397 ][-39.904659    87.31680467  39.89951999][39.8946026  87.36581777 39.9037459 ]
[ 39.89921965  87.31484097 -39.89549068][-39.9000375   87.36603233 -39.8998318 ][-39.90476084  87.31610727  39.89943827][39.89450921 87.36538201 39.90377577]
[ 39.89923443  87.31413238 -39.89547492][-39.90003135  87.36560251 -39.89992185][-39.9048579   87.31540704  39.89935898][39.89442096 87.36494258 39.90380305]
[ 39.89924924  87.31342113 -39.89546201][-39.90002556  87.36516868 -39.90000997][-39.90495039  87.31470383  39.89928199][39.89433761 87.3644996  39.90382788]
[ 39.89926405  87.31270742 -39.89545219][-39.90002015  87.36473082 -39.90009596][-39.90503784  87.31399775  39.8992075 ][39.89425965 87.36405287 39.90384993]
[ 39.89927886  87.31199114 -39.89544532][-39.9000151   87.36428901 -39.90018   ][-39.90512062  87.31328878  39.8991353 ][39.89418671 87.36360265 39.90386941]
[ 39.89929365  87.31127272 -39.89544141][-39.90001039  87.36384356 -39.90026205][-39.90519861  87.31257726  39.89906542][39.89411884 87.36314908 39.9038862 ]
[ 39.89930843  87.31055185 -39.89544046][-39.90000604  87.36339431 -39.90034217][-39.90527192  87.31186298  39.89899779][39.89405597 87.36269214 39.90390037]
[ 39.89932317  87.30982891 -39.8954425 ][-39.90000202  87.3629415  -39.90042033][-39.90534043  87.31114624  39.89893241][39.89399817 87.36223195 39.90391179]
[ 39.89933787  87.30910359 -39.89544752][-39.89999835  87.36248495 -39.90049657][-39.90540423  87.31042679  39.89886924][39.89394536 87.36176844 39.90392053]
[ 39.89935253  87.30837625 -39.89545558][-39.89999499  87.36202489 -39.90057086][-39.9054632   87.30970493  39.89880829][39.89389765 87.36130174 39.90392645]
[ 39.89936715  87.30764659 -39.89546666][-39.89999197  87.36156114 -39.90064325][-39.90551743  87.30898042  39.8987495 ][39.89385493 87.36083177 39.90392963]
[ 39.89938171  87.30691495 -39.89548079][-39.89998926  87.36109393 -39.90071372][-39.90556682  87.30825355  39.89869289][39.8938173  87.36035865 39.90392996]
[ 39.89939623  87.30618102 -39.89549797][-39.89998686  87.36062307 -39.90078232][-39.90561146  87.30752405  39.8986384 ][39.89378466 87.3598823  39.9039275 ]
[ 39.8994107   87.30544518 -39.89551822][-39.89998476  87.36014881 -39.90084903][-39.90565127  87.30679226  39.89858602][39.89375709 87.35940286 39.90392215]
[ 39.89942513  87.30470708 -39.89554153][-39.89998295  87.35967093 -39.9009139 ][-39.90568632  87.30605788  39.89853572][39.8937345  87.35892023 39.90391399]
[ 39.89943951  87.30396711 -39.89556793][-39.89998143  87.35918968 -39.9009769 ][-39.90571653  87.30532122  39.8984875 ][39.89371697 87.35843453 39.9039029 ]
[ 39.89945385  87.30322491 -39.89559741][-39.89998018  87.35870484 -39.9010381 ][-39.90574198  87.30458202  39.8984413 ][39.89370442 87.35794566 39.90388896]
[ 39.89946815  87.30248086 -39.89563   ][-39.8999792   87.35821667 -39.90109746][-39.90576259  87.30384057  39.89839712][39.89369691 87.35745377 39.90387206]
[ 39.8994824   87.30173462 -39.89566567][-39.89997848  87.35772493 -39.90115504][-39.90577843  87.30309659  39.89835493][39.89369437 87.35695873 39.90385227]
[ 39.89949662  87.30098659 -39.89570445][-39.89997801  87.35722993 -39.90121082][-39.90578945  87.30235043  39.8983147 ][39.89369682 87.35646071 39.90382951]
[ 39.8995108   87.3002364  -39.89574631][-39.89997777  87.35673139 -39.90126485][-39.90579573  87.30160176  39.8982764 ][39.89370421 87.35595958 39.90380385]
[ 39.89952493  87.29948446 -39.89579126][-39.89997776  87.35622964 -39.90131713][-39.90579722  87.30085095  39.89824   ][39.89371654 87.35545552 39.90377521]
[ 39.89953903  87.29873039 -39.89583929][-39.89997798  87.3557244  -39.90136768][-39.90579399  87.30009768  39.89820547][39.89373375 87.35494839 39.90374365]
[ 39.89955309  87.29797461 -39.89589039][-39.89997839  87.35521598 -39.90141652][-39.90578599  87.29934229  39.89817278][39.89375588 87.35443835 39.90370909]
[ 39.89956711  87.29721673 -39.89594456][-39.899979    87.35470411 -39.90146367][-39.9057733   87.29858446  39.89814191][39.89378283 87.35392528 39.90367161]
[ 39.89958109  87.29645717 -39.8960018 ][-39.89997979  87.3541891  -39.90150913][-39.90575587  87.29782455  39.89811282][39.89381464 87.35340934 39.90363112]
[ 39.89959503  87.29569555 -39.89606208][-39.89998077  87.35367068 -39.90155294][-39.90573379  87.29706223  39.89808548][39.89385123 87.35289039 39.9035877 ]
[ 39.89960892  87.29493227 -39.89612541][-39.89998189  87.35314916 -39.9015951 ][-39.90570699  87.29629786  39.89805988][39.89389263 87.3523686  39.90354125]
[ 39.89962279  87.29416698 -39.89619176][-39.89998318  87.35262428 -39.90163564][-39.90567558  87.29553112  39.89803596][39.89393874 87.35184384 39.90349188]
[ 39.89963661  87.29340005 -39.89626115][-39.8999846   87.35209631 -39.90167456][-39.90563947  87.29476233  39.89801372][39.89398962 87.35131625 39.90343947]
[ 39.8996504   87.29263113 -39.89633354][-39.89998615  87.35156503 -39.90171191][-39.90559879  87.29399121  39.89799311][39.89404515 87.35078574 39.90338414]
[ 39.89966414  87.29186059 -39.89640898][-39.89998782  87.35103067 -39.90174764][-39.9055534   87.29321805  39.89797413][39.89410544 87.3502524  39.90332573]
[ 39.89967786  87.29108811 -39.89648738][-39.8999896   87.35049304 -39.90178184][-39.9055035   87.2924426   39.89795671][39.89417031 87.34971617 39.9032644 ]
[ 39.89969153  87.290314   -39.89656887][-39.89999146  87.34995231 -39.90181444][-39.90544883  87.29166508  39.8979409 ][39.89423996 87.34917707 39.90319994]
[ 39.89970517  87.289538   -39.8966533 ][-39.89999342  87.34940837 -39.90184554][-39.90538969  87.29088533  39.89792659][39.89431413 87.34863515 39.90313256]
[ 39.89971876  87.28876025 -39.89674099][-39.89999544  87.34886112 -39.90187495][-39.90532551  87.29010336  39.89791393][39.89439333 87.34809016 39.90306184]
[ 39.89973233  87.2879807  -39.89683161][-39.89999754  87.34831075 -39.9019029 ][-39.90525688  87.28931924  39.89790272][39.894477   87.34754242 39.90298819]
[ 39.89974583  87.28719872 -39.89692651][-39.89999969  87.3477559  -39.90192867][-39.90518166  87.28853208  39.89789359][39.89456722 87.34699053 39.90291014]
[ 39.89975933  87.28641525 -39.89702431][-39.90000191  87.34719822 -39.90195301][-39.90510205  87.28774307  39.89788587][39.89466185 87.34643614 39.90282918]
[ 39.89977275  87.28563039 -39.89712508][-39.90000413  87.3466377  -39.90197583][-39.90501781  87.28695222  39.89787955][39.89476102 87.34587913 39.90274508]
[ 39.89978612  87.28484406 -39.89722866][-39.90000637  87.34607441 -39.90199726][-39.90492931  87.28615954  39.89787455][39.89486441 87.34531968 39.90265811]
[ 39.89979941  87.28405654 -39.89733492][-39.9000086   87.34550861 -39.90201731][-39.90483662  87.28536524  39.89787079][39.89497189 87.3447579  39.90256826]
[ 39.89981263  87.28326757 -39.89744383][-39.90001083  87.34494012 -39.90203603][-39.90473985  87.28456912  39.89786822][39.89508336 87.34419373 39.90247563]
[ 39.89982576  87.28247741 -39.89755533][-39.90001303  87.34436918 -39.90205345][-39.90463906  87.28377141  39.89786682][39.89519874 87.34362728 39.90238021]
[ 39.89983882  87.28168586 -39.89766936][-39.90001522  87.34379564 -39.90206962][-39.90453441  87.28297193  39.8978665 ][39.89531788 87.34305852 39.90228212]
[ 39.89985181  87.28089312 -39.8977859 ][-39.90001736  87.34321969 -39.90208457][-39.90442589  87.28217088  39.89786728][39.89544078 87.3424875  39.90218132]
[ 39.89986474  87.28009903 -39.89790483][-39.90001946  87.34264124 -39.90209836][-39.90431372  87.28136811  39.89786905][39.89556723 87.34191424 39.90207797]
[ 39.89986103  87.27122262 -39.90025777][-39.90019085  87.27393384 -39.9203351 ][-39.90419786  87.2805638   39.89787182][39.89555054 87.281322   39.88586835]
[ 39.89995806  87.25822906 -39.90711947][-39.89456044  87.1244244  -39.96499499][-39.90288185  87.28873721  39.89518389][39.90370837 87.14787357 39.84845202]
[ 39.90091287  87.25607013 -39.91782088][-39.88258925  86.94899456 -40.02100204][-39.89884611  87.31413963  39.88651276][39.92227097 86.98913717 39.80469854]
[ 39.90276904  87.2650846  -39.93293192][-39.86682266  86.75203921 -40.08490497][-39.89158178  87.35527076  39.87117612][39.94683651 86.81036553 39.75591731]
[ 39.90656035  87.28153456 -39.95315011][-39.84208966  86.53078023 -40.1572071 ][-39.88057713  87.41090219  39.84863897][39.98132631 86.60759837 39.7004103 ]
[ 39.91334543  87.3074683  -39.97875851][-39.81170842  86.29255781 -40.23669527][-39.86530896  87.48072589  39.81848043][40.02280395 86.38836769 39.63971605]
[ 39.92264131  87.34498419 -40.00936186][-39.77808473  86.05045451 -40.32000094][-39.84568839  87.5635733   39.78064074][40.06727693 86.16529871 39.57565977]
[ 39.93553308  87.38701579 -40.04624635][-39.73847701  85.78173329 -40.412215  ][-39.82166316  87.65683215  39.73527302][40.11665612 85.91795317 39.50313458]
[ 39.95147109  87.44035388 -40.08856487][-39.69547423  85.51101917 -40.50895748][-39.79271953  87.76264194  39.68150963][40.16861272 85.66866504 39.42634402]
[ 39.97127656  87.49821987 -40.13732985][-39.64556202  85.21748514 -40.61388528][-39.75879457  87.87862496  39.61931342][40.22513112 85.39821253 39.34129441]
[ 39.99509464  87.56672714 -40.1916125 ][-39.5893911   84.92335589 -40.72167549][-39.71913027  88.00707301  39.54762866][40.28623743 85.1253226  39.25272537]
[ 40.02369484  87.64094004 -40.25197008][-39.52495393  84.61483508 -40.83460057][-39.67359411  88.14558999  39.46658237][40.35264376 84.837611   39.15772103]
[ 40.0580337   87.71999781 -40.31863513][-39.45002901  84.28527508 -40.95452195][-39.62134441  88.29558775  39.37550397][40.42666432 84.52860342 39.05504477]
[ 40.09715396  87.8136266  -40.38955261][-39.37098793  83.96944068 -41.07482804][-39.56097178  88.45864128  39.2731523 ][40.50301209 84.22919256 38.95150622]
[ 40.14108656  87.91511585 -40.46495523][-39.28705163  83.65322996 -41.19700619][-39.49307089  88.63087158  39.16060184][40.58026001 83.92716142 38.84456664]
[ 40.18998952  88.02383704 -40.54450427][-39.19856928  83.33538406 -41.32204525][-39.41745661  88.81186344  39.03788794][40.65871895 83.62149939 38.73444857]
[ 40.24364167  88.1384434  -40.62767305][-39.1050055   83.01121999 -41.45086033][-39.33391426  89.00175863  38.90486599][40.73871163 83.30802719 38.62093213]
[ 40.30147403  88.26057119 -40.71334599][-39.0077304   82.68643238 -41.58201289][-39.24209313  89.20108519  38.7611422 ][40.81910823 82.99153954 38.50596622]
[ 40.36244414  88.39196881 -40.79987273][-38.90963768  82.37181612 -41.71232159][-39.14199509  89.4091969   38.60689415][40.8977366  82.68122816 38.3930592 ]
[ 40.42631398  88.52753351 -40.88622938][-38.80918376  82.05763903 -41.84218222][-39.03482844  89.62270634  38.44335735][40.97493178 82.36953262 38.28108984]
[ 40.49143503  88.67060616 -40.97034267][-38.71077741  81.76047877 -41.96830484][-38.92101499  89.84104155  38.27140005][41.04868343 82.07140593 38.17481426]
[ 40.55657879  88.81647091 -41.05012402][-38.61445883  81.47839934 -42.08885432][-38.80244539  90.05948657  38.09315685][41.11796273 81.78609823 38.07458784]
[ 40.62142279  88.95854169 -41.12528607][-38.51862799  81.19235703 -42.20837399][-38.68086416  90.27547637  37.91140571][41.18671103 81.49873822 37.97887489]
[ 40.68494135  89.0991255  -41.19539509][-38.42282436  80.90066855 -42.32866892][-38.55528333  90.49137763  37.72539017][41.25602286 81.20832438 37.886869  ]
[ 40.74641807  89.23799177 -41.260152  ][-38.32588959  80.59631044 -42.45131077][-38.42527859  90.7081669   37.53514425][41.32711945 80.90911053 37.79728645]
[ 40.80524018  89.37614486 -41.31935543][-38.22696965  80.27547778 -42.57720377][-38.28993329  90.92717456  37.33979324][41.40061478 80.59764624 37.70912618]
[ 40.85981643  89.52088907 -41.37174717][-38.13119693  79.96355422 -42.70093684][-38.1483378   91.14952196  37.13856826][41.47268708 80.2943887  37.62703841]
[ 40.91005954  89.66217268 -41.41711778][-38.033512    79.63153894 -42.8266422 ][-38.00234886  91.37058139  36.93363466][41.54666382 79.97639711 37.54601873]
[ 40.95485485  89.81217667 -41.45519406][-37.94135385  79.31636034 -42.94863761][-37.85073154  91.59395606  36.72375615][41.61830346 79.67305432 37.47279209]
[ 40.99316646  89.9600463  -41.48435173][-37.84931448  78.99087503 -43.06863679][-37.69600833  91.81358507  36.51165044][41.68905769 79.3631446  37.40183074]
[ 41.02642955  90.10677808 -41.50704428][-37.75650715  78.6462945  -43.19155497][-37.53841832  92.03213917  36.29774161][41.76242243 79.04003602 37.33264526]
[ 41.05243977  90.26388432 -41.52110368][-37.66971399  78.32406435 -43.30767638][-37.3753562   92.25243185  36.07889777][41.83068588 78.73494329 37.27075339]
[ 41.07133219  90.41624886 -41.52611024][-37.58221065  77.98356037 -43.42278894][-37.21179665  92.46667674  35.86057324][41.89869401 78.41840939 37.21018967]
[ 41.08365729  90.57470403 -41.52368301][-37.49896544  77.65055045 -43.53476528][-37.04547114  92.6810821   35.64012938][41.96436701 78.10889264 37.15538294]
[ 41.0884125   90.73492598 -41.51232933][-37.41843735  77.31980246 -43.64216697][-36.8775622   92.8922557   35.41876737][42.02646408 77.80332894 37.10463874]
[ 41.08621957  90.89561403 -41.4931127 ][-37.34031402  76.98548891 -43.7465881 ][-36.70976149  93.1002558   35.19805225][42.0862226  77.49727813 37.05781527]
[ 41.07731006  91.05645809 -41.46638285][-37.26323103  76.64448175 -43.84911842][-36.5411885   93.30610315  34.97699601][42.1439599  77.18817828 37.01371707]
[ 41.06364879  91.21144479 -41.43452984][-37.18040568  76.26566377 -43.95675563][-36.37147363  93.51102309  34.75491432][42.20436565 76.85229017 36.96714131]
[ 41.04326735  91.37759148 -41.39598261][-37.10220696  75.90468364 -44.05860707][-36.19609293  93.71948978  34.52688547][42.25892844 76.52950633 36.92660141]
[ 41.01648793  91.5380317  -41.35004801][-37.01813996  75.51150472 -44.16210919][-36.01967834  93.92512023  34.29702915][42.31321462 76.18403429 36.88306231]
[ 40.98366814  91.7045005  -41.29828737][-36.93510085  75.11610749 -44.26383519][-35.839241    94.13262512  34.06259804][42.36463092 75.83672461 36.84277672]
[ 40.94343563  91.87261773 -41.23864236][-36.85004519  74.70938391 -44.36384287][-35.65558705  94.33918233  33.82374142][42.4127965  75.48125397 36.802704  ]
[ 40.89689615  92.04124789 -41.17258212][-36.76199241  74.28317764 -44.4647512 ][-35.46927205  94.54494696  33.5811525 ][42.4598678  75.11182862 36.76260133]
[ 40.84147728  92.22180005 -41.09779635][-36.67975652  73.88065243 -44.55757406][-35.27832091  94.75073333  33.33259833][42.49900588 74.75892498 36.72885624]
[ 40.77414269  92.38540304 -40.98049377][-36.60989531  73.40146785 -44.50844026][-35.08871424  94.95082559  33.08347277][42.52531961 74.35293167 36.79452095]
[ 40.69618461  92.58772395 -40.85303611][-36.53373464  72.95506039 -44.49466074][-34.89284426  95.1608979   32.83418288][42.55102837 73.97008539 36.83757741]
[ 40.60977383  92.79335313 -40.701417  ][-36.45143898  72.47522749 -44.46109565][-34.69501264  95.37123024  32.58820704][42.57361179 73.5662155  36.89519013]
[ 40.51110127  93.02521661 -40.53560278][-36.36934988  72.02875932 -44.44557645][-34.49084978  95.58807086  32.34254691][42.59090512 73.18281221 36.94293385]
[ 40.40256796  93.26361015 -40.35324491][-36.28730825  71.57809994 -44.42960013][-34.28597764  95.80263888  32.10006386][42.60466596 72.80019062 36.99436303]
[ 40.28294426  93.51159217 -40.15681288][-36.20670348  71.1338317  -44.41620168][-34.07883632  96.01794205  31.85871809][42.61583896 72.42306065 37.04760382]
[ 40.15437988  93.75737834 -39.94403979][-36.12219955  70.6624964  -44.39081616][-33.87039334  96.23180529  31.6182349 ][42.62636388 72.03187276 37.11221141]
[ 40.01296683  94.02337073 -39.72458178][-36.04445814  70.23896586 -44.39220975][-33.65721651  96.44718033  31.37504713][42.62873305 71.67563    37.16113086]
[ 39.86616231  94.27224164 -39.48774635][-35.95964447  69.7587276  -44.3655673 ][-33.44615573  96.65743615  31.1336145 ][42.63725037 71.28735826 37.23494842]
[ 39.7056444   94.53945371 -39.24617056][-35.87988187  69.3201398  -44.36275014][-33.22983361  96.86819374  30.88764871][42.63545068 70.93250254 37.29253199]
[ 39.53779118  94.80213777 -38.99596823][-35.79983766  68.87944065 -44.35993276][-33.01555483  97.07309737  30.6416477 ][42.63516806 70.58218097 37.35648718]
[ 39.3594423   95.07079444 -38.74374722][-35.72769881  68.47004836 -44.37346989][-32.80161765  97.27323326  30.39424999][42.62765772 70.25975557 37.41238776]
[ 39.1735435   95.33584824 -38.49005373][-35.66221244  68.07691775 -44.39338911][-32.59233136  97.46662104  30.14755738][42.61818136 69.95381626 37.47001066]
[ 38.9800713   95.59709625 -38.23746963][-35.60481575  67.70362648 -44.42115057][-32.38841919  97.65300319  29.90169513][42.60419071 69.66686607 37.52618443]
[ 38.78233488  95.8449578  -37.98412474][-35.54899272  67.32495729 -44.44462764][-32.19129527  97.83221096  29.65705771][42.59078411 69.38109205 37.58899397]
[ 38.57635621  96.09233956 -37.73483094][-35.50546011  66.97792403 -44.4819239 ][-31.99848699  98.00509769  29.41188915][42.56774386 69.12182791 37.64356545]
[ 38.36681159  96.32905805 -37.48854965][-35.46804881  66.64194271 -44.52066028][-31.81335408  98.17146093  29.16845   ][42.54317582 68.87188712 37.70118321]
[ 38.1519182   96.55974322 -37.24782223][-35.44093175  66.32904693 -44.56683301][-31.63540565  98.33159315  28.92637261][42.51158769 68.63988761 37.75556009]
[ 37.93406797  96.7803744  -37.01354412][-35.42305091  66.03491889 -44.61685196][-31.46666003  98.48548378  28.68684203][42.47517809 68.42067291 37.80979135]
[ 37.71477367  96.98770908 -36.78447517][-35.41171     65.74920852 -44.66643738][-31.30725871  98.63313875  28.45006069][42.43505043 68.20703991 37.86520896]
[ 37.49321175  97.18517809 -36.56172276][-35.40870845  65.47928451 -44.71842163][-31.15595698  98.77598628  28.21534772][42.38865809 68.00333965 37.91906188]
[ 37.2705322   97.37132077 -36.34527599][-35.41449585  65.22309045 -44.77163294][-31.01331558  98.91379062  27.98342641][42.33576116 67.80741989 37.97149751]
[ 37.04737283  97.54678576 -36.13526892][-35.42864202  64.9801595  -44.82573226][-30.8789417   99.04732869  27.75436452][42.27642116 67.61860342 38.02216283]
[ 36.82776665  97.70404837 -35.92787216][-35.44026003  64.72768232 -44.87075639][-30.75243537  99.17715203  27.52830443][42.21794636 67.42072059 38.07767203]
[ 36.60347262  97.86038465 -35.72706712][-35.46407629  64.50144449 -44.92227947][-30.62991867  99.30510728  27.30311275][42.14759588 67.23985609 38.12618001]
[ 36.38132589  98.00470809 -35.53205621][-35.49422263  64.2843175  -44.97174798][-30.51497832  99.42949811  27.08171216][42.07291528 67.06099752 38.17485507]
[ 36.15966165  98.13945343 -35.34182383][-35.52940001  64.07534405 -45.01905871][-30.40661769  99.55100394  26.86375108][41.9937611  66.88400489 38.22304737]
[ 35.93971109  98.26425397 -35.15608458][-35.56831182  63.87274023 -45.0631268 ][-30.3035525   99.6703809   26.64894256][41.9108826  66.70809431 38.27085293]
[ 35.72069481  98.38002325 -34.97452481][-35.61067647  63.67640171 -45.10405153][-30.2055251   99.787602    26.43755059][41.82401501 66.53320676 38.3181371 ]
[ 35.50365481  98.48691554 -34.79684219][-35.65583329  63.48533765 -45.1413345 ][-30.11139966  99.90303976  26.22940277][41.73402079 66.35912748 38.36490514]
[ 35.28784944  98.58591522 -34.62276632][-35.70372754  63.30007082 -45.17525939][-30.02089232 100.01659334  26.02471102][41.64074683 66.18610028 38.41117407]
[ 35.07435223  98.6768694  -34.45224464][-35.75386948  63.11946559 -45.20545996][-29.9331562  100.12835822  25.82349408][41.54506992 66.01389958 38.45681776]
[ 34.86245328  98.76054972 -34.2850326 ][-35.8062641   62.94389568 -45.23221718][-29.84796817 100.23821619  25.62596128][41.44693692 65.84280127 38.50183094]
[ 34.65342969  98.83667686 -34.12132081][-35.86054141  62.77281744 -45.25525475][-29.76456064 100.34613496  25.43221812][41.34723827 65.67283727 38.54609764]
[ 34.44639916  98.90651137 -33.96063635][-35.91659813  62.60661788 -45.2749996 ][-29.68259966 100.45217803  25.24214971][41.24608258 65.50437991 38.58974003]
[ 34.24254459  98.96975364 -33.80320185][-35.97388913  62.44424416 -45.29122005][-29.60141081 100.55622446  25.0558034 ][41.14439112 65.33726982 38.63255827]
[ 34.04108247  99.02718601 -33.64875771][-36.03242655  62.28595301 -45.30427803][-29.52086858 100.65823764  24.87321455][41.0421405  65.17181531 38.67457235]
[ 33.84313308  99.07868068 -33.49747959][-36.09173113  62.13094641 -45.31409178][-29.44029691 100.75813573  24.69429275][40.94025317 65.00794205 38.71565787]
[ 33.64790083  99.1250073  -33.34911123][-36.15174603  61.97940761 -45.32100801][-29.35965483 100.85595029  24.51897577][40.83867073 64.84592642 38.75583832]
[ 33.45635454  99.1660286  -33.2038719 ][-36.21203974  61.83049294 -45.32499491][-29.27841233 100.95157501  24.34718263][40.73819945 64.68564581 38.79496668]
[ 33.26778942  99.20238883 -33.06153663][-36.27257565  61.68443783 -45.32637961][-29.19657294 101.0450515   24.17881044][40.63874593 64.52737846 38.83308821]
[ 33.08343751  99.23395179 -32.92243198][-36.33272526  61.54061723 -45.32510146][-29.1136601  101.13620917  24.01388796][40.54109304 64.37110316 38.87003859]
[ 32.90323364  99.26158449 -32.78619027][-36.39164032  61.39893691 -45.32161842][-29.02990289 101.22511334  23.85225322][40.44510676 64.21688995 38.90586365]
[ 32.72813631  99.28508839 -32.65269461][-36.44860554  61.25889752 -45.31585012][-28.94481284 101.31146231  23.69376321][40.3515365  64.06479115 38.94059921]
[ 32.55744716  99.30500366 -32.52173673][-36.5034306   61.12079198 -45.30820075][-28.85855812 101.3953431   23.5382619 ][40.26015863 63.91521792 38.97443575]
[ 32.39213258  99.32091003 -32.39374083][-36.55569774  60.9837561  -45.29862586][-28.77088273 101.47652172  23.38581941][40.17165993 63.76818502 39.0072915 ]
[ 32.23151577  99.33395978 -32.26778427][-36.60519509  60.84844975 -45.28718499][-28.68213217 101.55551987  23.23581798][40.08549758 63.62318118 39.0393118 ]
[ 32.07592849  99.34503342 -32.14335042][-36.65132215  60.71406523 -45.27383907][-28.59243597 101.63214726  23.08814249][40.00166293 63.47957484 39.07051004]
[ 31.92585972  99.35446952 -32.02062597][-36.6939463   60.58074757 -45.25903701][-28.50169434 101.70616746  22.94280486][39.92035749 63.33785254 39.10102732]
[ 31.81708779  99.34835948 -31.89739558][-36.67699094  60.42442561 -45.24139672][-28.409905   101.77782098  22.79939357][39.88393263 63.17967616 39.13242499]
[ 31.90905763  99.07543916 -31.67294411][-36.37448566  59.87427195 -45.07599992][-28.31350719 101.84570398