[0.0, -0.999000999000999, 0.0]
[0.0, -0.999000999000999, 0.0]
[0.0, -0.999000999000999, 0.0]
[0.0, -0.999000999000999, 0.0]
[0.0, -0.999000999000999, 0.0]
[0.0, -0.999000999000999, 0.0]
[0.0, -0.999000999000999, 0.0]
[-0.001493869216319397, -0.9925575415843878, 0.0013033776088994455]
[-0.0013638504620393727, -0.6942608590266026, -0.00197381583909111]
[-0.0041555005203468285, -0.8290246093622532, -0.0033987670144534337]
[-0.0037336092868337843, -0.8599847550622228, -0.0034333834905531375]
[0.011725736607237832, -0.9036782006366157, 0.0012294569225280475]
[0.014990615173238043, -0.8736964055969827, -0.004927974927464544]
[0.012019730579510262, -0.832827039432287, -0.001526732254478822]
[0.00851495362074665, -0.7676815219488209, -0.0025555892971585253]
[0.004758655690331785, -0.6813428571546325, -0.00435579455970177]
[0.00327449770676782, -0.6173461560820137, -0.004931150110470772]
[0.0019730934050798178, -0.561169162920822, -0.005079936758975712]
[0.001494207944404758, -0.510835244695945, -0.005087128604435796]
[0.0011234484611913897, -0.4817136788930921, -0.004508099889747674]
